이거,, x좌표 y좌표 전부 바꿔야 함
위도=y 경도=x 라서 ssibal,,

North Dakota
49.09, -97.27
49.00, -104.06
45.95, -104.06
45.92, -96.58

South Dakota
45.92, -96.58
45.95, -104.06
43.00, -104.06
43.03, -98.55
42.51, -96.66
43.54, -96.49

Montana
49.00, -104.06
49.00, -116.06
44.42, -112.98
44.97, -111.06
45.04, -104.06

Wyoming
45.04, -104.06
44.97, -111.06
41.04, -111.06
40.01, -104.06

Utah
37.00, -109.06
41.04, -109.06
41.04, -111.06
42.00, -114.06
37.00, -114.06
37.00, -109.06

Colorado
40.01, -102.06
41.04, -109.06
37.00, -109.06
36.99,-102.06

Nerbraska
42.51, -96.66
43.03, -98.55
43.00, -104.06
41.01, -104.06
41.01, -102.06
40.01, -102.06
40.01, -95.41


-----------------------------------

Yellowstone River 
44.58, -110.39
45.19, -110.90
45.70, -110.49
45.58, -109.09
46.33, -106.03
47.98, -103.98

Green River
38.19, -109.89
38.96, -110.15
40.26, -109.58
40.79, -108.91
40.97, -109.59
41.47, -109.39
42.12, -110.18
43.36, -110.00
43.31, -109.85
43.15, -109.67

Missouri River
38.81, -90.12
39.14, -94.59
40.01, -95.41
42.51, -96.66
44.77, -100.51
47.61, -101.30
48.04, -106.40
48.03, -110.17
46.99, -112.00
45.93, -111.50

Colorado River
31.87, -114.88
36.14, -114.67
36.14, -111.81
37.05, -111.29
39.21, -108.92
40.18, -105.82
40.47, -105.82

White River
40.04, -107.49
39.94, -107.76
40.20, -108.49
39.93, -109.36
40.06, -109.68

Helena 46.35, -112.01 (Mondata 주도)
Denver 39.75, -104.97 (colorado 주도)
Salt Lake City 40.77, -111.93 (utah 주도)
Provo 40.25, -111.67
Cheyenne 41.15, -104.81 (Wyoming 주도)
Casper 42.85, -106.34
Pierre 44.37, -100.34 (south dakota 주도)
Rapid City 44.08, -103.22 
Lincoln 40.81, -96.74 (nebreska 주도)
Bismarck 46.81, -100.76 (north dakota 주도)